-----------------------------------------------------
List of ball x/y positions
501.4145259111466;74.99214401754735
341.45012813581843;74.99006683819007
541.4045258536717;74.98999999999994
261.45857392878634;74.99018722899761
461.4245259260394;74.99105263147399
301.4513896889127;74.99008615675686
221.46789136543316;74.98999999999994
421.4330648872215;74.99003209928448
381.44024761295805;74.99086373198965
207.36705510533795;112.41147133360195
321.4462081508341;109.62378818911586
581.4017582389477;74.99023220501624
-----------------------------------------------------
List of contacts
