-----------------------------------------------------
List of ball x/y positions
461.4269813018781;74.9980823309056
421.42830650866114;74.99001694635656
338.57587286321996;74.98999999999994
378.56862372296473;74.98999999999994
258.5956913746848;74.98999999999994
400.0010986374975;108.75508550114156
501.4169806683379;74.99096400695103
541.4094267939328;74.98999999999994
298.585691374534;74.99010971943075
581.3994267904687;74.99052631168706
238.59622101627386;109.61994348404393
218.59678235376322;74.99011136452604
441.42293984969217;109.6292298363846
592.8972747365056;113.29200234093256
-----------------------------------------------------
List of contacts
